bucket1			320 320hud2	108	120	16	28
bucket2			320 320hud2	108	120	28	40
bucket3			320 320hud2	108	120	40	52
bucket4			320 320hud2	108	120	52	64
bucket5			320 320hud2	108	120	64	76
bucket0			320 320hud2	108	120	76	88
dmg_bio			320 320hud4	0	32	0	32
dmg_poison			320 320hud4	0	32	0	32
dmg_chem			320 320hud4	32	64	0	32
dmg_cold			320 320hud4	64	96	0	32
dmg_drown			320 320hud4	96	128	0	32
dmg_heat			320 320hud4	128	160	0	32
dmg_gas			320 320hud4	160	192	0	32
dmg_rad			320 320hud4	192	224	0	32
dmg_shock			320 320hud4	224	256	0	32
number_0			320 320hud2	0	12	0	16
number_1			320 320hud2	12	24	0	16
number_2			320 320hud2	24	36	0	16
number_3			320 320hud2	36	48	0	16
number_4			320 320hud2	48	60	0	16
number_5			320 320hud2	60	72	0	16
number_6			320 320hud2	72	84	0	16
number_7			320 320hud2	84	96	0	16
number_8			320 320hud2	96	108	0	16
number_9			320 320hud2	108	120	0	16
divider			320 320hud2	120	121	0	20
cross			320 320hud2	0	16	72	88
dollar			320 320hud2	59	74	72	88
minus			320 320hud2	76	88	72	88
plus			320 320hud2	91	105	72	88
c4			320 640hud7	0	32	148	180
defuser			320 640hud7	32	64	148	180
stopwatch			320 320hud2	64	80	88	104
smallskull			320 640hud7	72	84	25	37
smallc4			320 640hud7	84	96	25	37
smallvip			320 640hud7	96	108	25	37
buyzone			320 640hud7	96	128	148	180
rescue			320 640hud7	64	96	148	180
escape			320 640hud7	128	160	148	180
vipsafety			320 640hud7	160	192	148	180
suit_full			320 320hud2	0	16	88	104
suit_empty			320 320hud2	16	32	88	104
suithelmet_full			320 320hud2	32	48	88	104
suithelmet_empty			320 320hud2	48	64	88	104
flash_full			320 320hud2	16	34	72	88
flash_empty			320 320hud2	34	52	72	88
flash_beam			320 320hud2	52	58	72	88
train_back			320 320hud3	0	48	0	48
train_stop			320 320hud3	48	96	0	48
train_forward1			320 320hud3	96	144	0	48
train_forward2			320 320hud3	144	192	0	48
train_forward3			320 320hud3	192	240	0	48
autoaim_c			320 crosshairs	96	120	0	24
title_half			320 320hud3	0	128	48	64
title_life			320 320hud3	128	244	48	64
d_knife			320 640hud1	192	240	0	16
d_ak47			320 640hud1	192	240	80	96
d_awp			320 640hud1	192	240	128	144
d_deagle			320 640hud1	224	256	16	32
d_flashbang			320 640hud1	192	240	192	208
d_fiveseven			320 640hud16	192	224	0	16
d_g3sg1			320 640hud1	192	240	144	160
d_glock18			320 640hud1	192	224	16	32
d_grenade			320 640hud1	224	256	192	208
d_m249			320 640hud1	192	240	160	176
d_m3			320 640hud1	192	240	48	64
d_m4a1			320 640hud1	192	240	96	112
d_mp5navy			320 640hud1	192	224	64	80
d_p228			320 640hud1	224	256	32	48
d_p90			320 640hud1	192	240	176	192
d_scout			320 640hud1	192	240	208	224
d_sg550			320 640hud16	192	240	48	64
d_sg552			320 640hud1	192	240	112	128
d_ump45			320 640hud16	192	240	80	96
d_usp			320 640hud1	192	224	32	48
d_tmp			320 640hud1	224	256	64	80
d_xm1014			320 640hud1	192	240	224	240
d_skull			320 640hud1	224	256	240	256
d_tracktrain			320 640hud1	192	224	240	256
d_aug			320 640hud1	148	192	240	256
d_mac10			320 640hud1	109	143	240	256
d_elite			320 640hud1	52	109	240	256
d_headshot			320 640hud1	0	36	240	256
item_battery			320 320hud2	48	68	52	72
item_healthkit			320 320hud2	68	88	52	72
item_longjump			320 320hud2	88	108	52	72
radar			320 radar320	0	64	0	64
selection			640 640hud3	0	170	180	225
bucket1			640 640hud7	168	188	72	92
bucket2			640 640hud7	188	208	72	92
bucket3			640 640hud7	208	228	72	92
bucket4			640 640hud7	168	188	92	112
bucket5			640 640hud7	188	208	92	112
bucket0			640 640hud7	208	228	92	112
dmg_poison			640 640hud8	128	192	0	64
dmg_bio			640 640hud8	128	192	0	64
dmg_chem			640 640hud8	0	64	0	64
dmg_drown			640 640hud8	64	128	0	64
dmg_gas			640 640hud9	0	64	0	64
dmg_cold			640 640hud9	64	128	0	64
dmg_heat			640 640hud9	128	192	0	64
dmg_rad			640 640hud9	192	256	0	64
dmg_shock			640 640hud8	192	256	0	64
number_0			640 640hud7	0	20	0	25
number_1			640 640hud7	23	43	0	25
number_2			640 640hud7	47	67	0	25
number_3			640 640hud7	70	90	0	25
number_4			640 640hud7	95	115	0	25
number_5			640 640hud7	119	139	0	25
number_6			640 640hud7	144	164	0	25
number_7			640 640hud7	169	189	0	25
number_8			640 640hud7	192	212	0	25
number_9			640 640hud7	216	236	0	25
divider			640 640hud7	240	242	0	40
cross			640 640hud7	48	72	25	49
dollar			640 640hud7	192	210	25	50
minus			640 640hud7	210	223	25	48
plus			640 640hud7	223	240	25	48
c4			640 640hud7	0	32	148	180
defuser			640 640hud7	32	64	148	180
stopwatch			640 640hud7	144	168	72	96
smallskull			640 640hud7	72	84	25	37
smallc4			640 640hud7	84	96	25	37
smallvip			640 640hud7	96	108	25	37
buyzone			640 640hud7	96	128	148	180
rescue			640 640hud7	64	96	148	180
escape			640 640hud7	128	160	148	180
vipsafety			640 640hud7	160	192	148	180
suit_full			640 640hud7	0	24	25	49
suit_empty			640 640hud7	24	48	25	49
suithelmet_full			640 640hud7	0	24	124	148
suithelmet_empty			640 640hud7	24	48	124	148
flash_full			640 640hud7	160	192	25	57
flash_empty			640 640hud7	112	144	25	57
flash_beam			640 640hud7	144	160	25	57
train_back			640 640hud5	170	242	0	72
train_stop			640 640hud5	170	242	72	144
train_forward1			640 640hud5	170	242	144	216
train_forward2			640 640hud6	170	242	0	72
train_forward3			640 640hud6	170	242	72	144
autoaim_c			640 crosshairs	96	120	0	24
title_half			640 640hud4	0	256	226	256
title_life			640 640hud5	0	220	226	256
d_knife			640 640hud1	192	240	0	16
d_ak47			640 640hud1	192	240	80	96
d_awp			640 640hud1	192	240	128	144
d_deagle			640 640hud1	224	256	16	32
d_famas			640 640hud2	192	240	144	160
d_fiveseven			640 640hud16	192	224	0	16
d_flashbang			640 640hud1	192	224        192	208
d_g3sg1			640 640hud1	192	240	144	160
d_galil			640 640hud2	192	240	160	176
d_glock18			640 640hud1	192	224	16	32
d_grenade			640 640hud1	224	256	192	208
d_m249			640 640hud1	192	240	160	176
d_m3			640 640hud1	192	240	48	64
d_m4a1			640 640hud1	192	240	96	112
d_mp5navy			640 640hud1	192	224	64	80
d_p228			640 640hud1	224	256	32	48
d_p90			640 640hud1	192	240	176	192
d_scout			640 640hud1	192	240	208	224
d_sg550			640 640hud16	192	240	48	64
d_sg552			640 640hud1	192	240	112	128
d_ump45			640 640hud16	192	240	80	96
d_usp			640 640hud1	192	224	32	48
d_tmp			640 640hud1	224	256	64	80
d_xm1014			640 640hud1	192	240	224	240
d_skull			640 640hud1	224	256	240	256
d_tracktrain			640 640hud1	192	224	240	256
d_aug			640 640hud1	148	192	240	256
d_mac10			640 640hud1	109	143	240	256
d_elite			640 640hud1	52	109	240	256
d_headshot			640 640hud1	0	36	240	256
item_battery			640 640hud2	176	220	0	44
item_healthkit			640 640hud2	176	220	48	92
item_longjump			640 640hud2	176	220	96	140
radar			640 radar640	0	128	0	128
hostage			640 640hud7	0	32	180	212
bombticking1			640 640hud7	192	224	148	180
bombticking			640 640hud7	224	256	148	180
hostage4a			640 640hud7	32	64	180	212
hostage3a			640 640hud7	64	96	180	212
hostage2a			640 640hud7	96	128	180	212
hostage1a			640 640hud7	128	160	180	212
hostage4			640 640hud7	0	48	213	238
hostage3			640 640hud7	48	96	213	238
hostage2			640 640hud7	96	144	213	238
hostage1			640 640hud7	144	192	213	238
radaropaque			640 radaropaque640	0	128	0	128